0 0
3 4
5 5
6 4
9 4
10 5
12 4
15 6
17 4
18 4
20 3
23 4
24 3
27 4
29 5
30 5
33 3
34 3
36 3
39 4
40 3
43 5
45 4
46 5
48 3
51 3
53 4
54 3
57 4
58 4
60 4
63 5
65 3
66 3
68 3
71 5
72 3
75 4
77 5
78 4
80 3
83 3
85 4
86 4
89 3
90 4
92 4
95 5
96 4
99 4
101 5
102 4
105 4
106 5
108 4
111 6
113 4
114 4
116 4
119 5
120 4
123 5
125 5
126 5
129 3
130 3
132 4
135 5
136 4
139 5
141 4
142 4
144 5
147 3
149 4
150 4
153 4
154 4
156 3
159 5
160 3
163 4
165 4
166 4
169 3
170 4
172 3
175 5
177 4
178 4
180 4
183 5
184 4
187 4
189 5
190 4
192 3
195 4
197 4
198 3
201 4
202 4
204 3
207 5
209 4
210 4
212 4
215 4
216 4
219 5
221 4
222 5
225 4
226 4
228 4
231 5
232 4
235 5
237 5
238 5
240 5
243 5
245 6
246 6
249 6
250 6
252 5
255 5
257 3
258 3
260 4
263 5
264 4
267 5
269 4
270 4
272 4
275 2
277 4
278 3
281 3
282 4
284 2
287 5
288 3
291 3
293 4
294 3
297 3
298 4
300 2
303 5
305 4
306 3
308 3
311 4
312 3
315 4
317 5
318 4
320 3
323 3
325 4
326 3
329 3
330 4
332 2
335 5
337 3
338 4
340 3
343 4
344 3
347 4
349 4
350 5
353 4
354 4
356 3
359 4
360 3
363 4
365 4
366 4
368 4
371 5
373 5
374 5
377 5
378 5
380 5
383 4
384 4
387 3
389 3
390 2
393 2
394 3
396 1
399 5
401 5
402 5
404 4
407 3
408 4
411 3
413 4
414 4
417 4
418 3
420 3
423 4
424 2
427 4
429 4
430 4
432 4
435 4
437 5
438 4
441 5
442 4
444 4
447 4
449 3
450 4
452 2
455 4
456 3
459 4
461 4
462 4
464 4
467 4
469 4
470 5
473 4
474 5
476 4
479 4
480 3
483 5
485 5
486 5
489 5
490 5
492 5
495 5
497 5
498 5
500 5
503 5
504 5
507 5
509 5
510 5
513 3
514 3
516 3
519 4
520 3
523 5
525 4
526 5
528 3
531 2
533 4
534 3
537 3
538 4
540 3
543 5
544 4
547 3
549 5
550 4
553 4
554 5
556 3
559 6
561 4
562 3
564 4
567 5
568 4
571 5
573 5
574 5
576 4
579 3
581 5
582 4
585 4
586 5
588 3
591 6
593 3
594 4
596 4
599 5
600 4
603 5
605 5
606 5
609 4
610 4
612 4
615 5
616 4
619 5
621 5
622 5
624 4
627 5
629 6
630 6
633 6
634 6
636 6
639 5
640 3
643 3
645 4
646 3
649 3
650 4
652 2
655 5
657 4
658 4
660 4
663 4
664 4
667 4
669 4
670 4
673 4
674 4
676 4
679 5
680 3
683 5
685 5
686 5
688 5
691 5
693 6
694 5
697 5
698 5
700 5
703 5
705 4
706 4
708 3
711 5
712 4
715 5
717 5
718 5
720 5
723 5
725 5
726 5
729 5
730 6
732 5
735 4
736 4
739 6
741 6
742 6
745 6
746 6
748 5
751 5
753 6
754 5
756 6
759 6
760 5
763 5
765 6
766 5
768 3
771 4
773 4
774 4
777 3
778 4
780 3
783 5
785 3
786 3
788 4
791 5
792 3
795 4
797 4
798 4
801 4
802 4
804 4
807 5
808 3
811 5
813 5
814 5
816 4
819 5
821 6
822 5
825 5
826 6
828 5
831 5
833 4
834 4
836 4
839 5
840 3
843 5
845 5
846 5
848 4
851 5
853 5
854 6
857 6
858 5
860 5
863 5
864 4
867 5
869 5
870 5
873 5
874 5
876 5
879 4
881 6
882 5
884 6
887 6
888 5
891 5
893 5
894 5
897 4
898 3
900 3
903 4
904 2
907 4
909 4
910 4
912 5
915 4
917 4
918 4
921 4
922 4
924 4
927 3
928 4
931 5
933 5
934 5
937 5
938 5
940 5
943 4
945 5
946 4
948 5
951 5
952 4
955 4
957 5
958 4
960 3
963 6
965 5
966 5
969 5
970 5
972 5
975 4
977 5
978 5
980 5
983 5
984 5
987 5
989 4
990 5
993 6
994 5
996 5
999 6
1000 5
1003 5
1005 5
1006 5
1008 5
1011 6
1013 6
1014 6
1017 5
1018 5
1020 5
1023 6
1025 3
1026 3
1028 3
1031 5
1032 3
1035 4
1037 5
1038 4
1040 3
1043 2
1045 4
1046 3
1049 3
1050 4
1052 3
1055 5
1056 4
1059 3
1061 5
1062 4
1065 4
1066 5
1068 3
1071 6
1073 4
1074 3
1076 4
1079 5
1080 4
1083 5
1085 5
1086 5
1088 4
1091 3
1093 5
1094 4
1097 4
1098 5
1100 3
1103 6
1105 3
1106 4
1108 4
1111 5
1112 4
1115 5
1117 5
1118 5
1121 4
1122 4
1124 4
1127 5
1128 4
1131 5
1133 5
1134 5
1136 4
1139 5
1141 6
1142 6
1145 6
1146 6
1148 6
1151 5
1152 3
1155 3
1157 4
1158 3
1161 3
1162 4
1164 2
1167 5
1169 4
1170 4
1172 4
1175 4
1176 4
1179 4
1181 4
1182 4
1185 4
1186 4
1188 4
1191 5
1192 3
1195 5
1197 5
1198 5
1200 5
1203 5
1205 6
1206 5
1209 5
1210 5
1212 5
1215 4
1217 4
1218 4
1220 3
1223 5
1224 4
1227 5
1229 5
1230 5
1232 5
1235 5
1237 5
1238 5
1241 5
1242 6
1244 5
1247 5
1248 4
1251 6
1253 6
1254 6
1257 6
1258 6
1260 5
1263 5
1265 5
1266 6
1268 5
1271 5
1272 6
1275 6
1277 5
1278 6
1280 3
1283 4
1285 4
1286 3
1289 4
1290 4
1292 3
1295 5
1297 3
1298 3
1300 3
1303 4
1304 4
1307 5
1309 4
1310 4
1313 4
1314 4
1316 3
1319 5
1320 4
1323 5
1325 5
1326 5
1328 4
1331 5
1333 5
1334 6
1337 6
1338 5
1340 5
1343 5
1345 4
1346 4
1348 3
1351 5
1352 4
1355 5
1357 5
1358 5
1360 4
1363 5
1365 6
1366 5
1369 5
1370 6
1372 5
1375 5
1376 4
1379 5
1381 5
1382 5
1385 5
1386 5
1388 5
1391 4
1393 5
1394 6
1396 5
1399 5
1400 6
1403 6
1405 5
1406 5
1409 3
1410 4
1412 2
1415 4
1416 3
1419 4
1421 4
1422 4
1424 5
1427 4
1429 4
1430 4
1433 4
1434 4
1436 4
1439 3
1440 3
1443 6
1445 5
1446 5
1449 5
1450 5
1452 5
1455 4
1457 5
1458 5
1460 5
1463 5
1464 5
1467 5
1469 5
1470 4
1472 4
1475 5
1477 5
1478 5
1481 5
1482 5
1484 5
1487 4
1489 4
1490 5
1492 4
1495 4
1496 5
1499 5
1501 4
1502 5
1505 5
1506 6
1508 5
1511 5
1512 5
1515 6
1517 5
1518 5
1520 5
1523 6
1525 5
1526 5
1529 6
1530 6
1532 5
1535 6
1536 4
1539 4
1541 5
1542 4
1545 4
1546 5
1548 4
1551 6
1553 3
1554 3
1556 4
1559 4
1560 4
1563 4
1565 4
1566 4
1569 4
1570 4
1572 4
1575 5
1576 4
1579 5
1581 5
1582 5
1584 4
1587 5
1589 5
1590 5
1593 5
1594 5
1596 5
1599 4
1601 4
1602 4
1604 4
1607 5
1608 4
1611 5
1613 5
1614 5
1616 4
1619 5
1621 5
1622 5
1625 5
1626 5
1628 5
1631 4
1632 6
1635 6
1637 6
1638 6
1641 6
1642 6
1644 6
1647 4
1649 6
1650 6
1652 6
1655 5
1656 6
1659 5
1661 5
1662 5
1665 4
1666 4
1668 3
1671 4
1672 3
1675 4
1677 4
1678 4
1680 5
1683 5
1685 5
1686 6
1689 6
1690 5
1692 5
1695 3
1696 4
1699 5
1701 5
1702 5
1705 5
1706 5
1708 5
1711 4
1713 6
1714 5
1716 6
1719 5
1720 5
1723 4
1725 5
1726 4
1728 4
1731 5
1733 5
1734 5
1737 5
1738 5
1740 5
1743 4
1745 5
1746 6
1748 5
1751 4
1752 6
1755 5
1757 4
1758 5
1761 6
1762 6
1764 6
1767 5
1768 6
1771 5
1773 5
1774 5
1776 6
1779 5
1781 6
1782 5
1785 5
1786 6
1788 5
1791 6
1793 4
1794 4
1796 4
1799 5
1800 4
1803 5
1805 5
1806 5
1808 4
1811 5
1813 5
1814 5
1817 5
1818 5
1820 5
1823 4
1824 4
1827 6
1829 6
1830 6
1833 6
1834 6
1836 5
1839 5
1841 6
1842 5
1844 6
1847 5
1848 5
1851 5
1853 6
1854 5
1856 4
1859 6
1861 6
1862 6
1865 6
1866 6
1868 5
1871 5
1873 5
1874 6
1876 5
1879 5
1880 6
1883 5
1885 5
1886 6
1889 6
1890 6
1892 6
1895 5
1896 6
1899 5
1901 5
1902 5
1904 6
1907 6
1909 5
1910 6
1913 6
1914 5
1916 6
1919 6
1920 3
1923 5
1925 5
1926 5
1929 5
1930 5
1932 5
1935 5
1937 5
1938 5
1940 5
1943 4
1944 5
1947 4
1949 4
1950 4
1953 6
1954 5
1956 5
1959 6
1960 5
1963 5
1965 5
1966 5
1968 5
1971 5
1973 5
1974 5
1977 5
1978 4
1980 5
1983 6
1985 5
1986 6
1988 5
1991 5
1992 5
1995 6
1997 5
1998 5
2000 5
2003 5
2005 4
2006 5
2009 5
2010 5
2012 5
2015 6
2016 6
2019 6
2021 5
2022 6
2025 6
2026 5
2028 6
2031 7
2033 5
2034 5
2036 5
2039 6
2040 5
2043 6
2045 7
2046 7
2049 4
2050 4
2052 3
2055 4
2056 3
2059 4
2061 5
2062 5
2064 4
2067 1
2069 3
2070 2
2073 2
2074 3
2076 3
2079 5
2080 3
2083 2
2085 4
2086 3
2089 3
2090 4
2092 3
2095 5
2097 3
2098 2
2100 4
2103 4
2104 3
2107 4
2109 4
2110 4
2112 3
2115 2
2117 4
2118 3
2121 3
2122 4
2124 3
2127 5
2129 2
2130 3
2132 3
2135 4
2136 4
2139 4
2141 4
2142 4
2145 3
2146 3
2148 4
2151 4
2152 4
2155 4
2157 4
2158 4
2160 3
2163 5
2165 5
2166 5
2169 5
2170 5
2172 5
2175 5
2176 4
2179 2
2181 4
2182 3
2185 3
2186 4
2188 2
2191 5
2193 4
2194 4
2196 5
2199 4
2200 5
2203 4
2205 3
2206 3
2209 3
2210 3
2212 4
2215 5
2216 3
2219 4
2221 4
2222 4
2224 4
2227 4
2229 5
2230 5
2233 4
2234 4
2236 4
2239 4
2241 3
2242 3
2244 3
2247 4
2248 4
2251 5
2253 4
2254 4
2256 4
2259 4
2261 4
2262 4
2265 5
2266 5
2268 4
2271 4
2272 4
2275 5
2277 5
2278 5
2281 5
2282 5
2284 5
2287 4
2289 5
2290 5
2292 5
2295 5
2296 5
2299 5
2301 5
2302 5
2304 5
2307 3
2309 4
2310 4
2313 4
2314 4
2316 3
2319 5
2321 4
2322 4
2324 5
2327 4
2328 5
2331 4
2333 3
2334 3
2337 4
2338 4
2340 4
2343 4
2344 4
2347 4
2349 4
2350 4
2352 5
2355 4
2357 4
2358 4
2361 4
2362 4
2364 4
2367 3
2369 4
2370 4
2372 4
2375 4
2376 4
2379 4
2381 4
2382 4
2384 5
2387 4
2389 4
2390 4
2393 4
2394 4
2396 4
2399 3
2400 5
2403 5
2405 5
2406 6
2409 6
2410 5
2412 5
2415 3
2417 5
2418 5
2420 5
2423 4
2424 5
2427 4
2429 4
2430 4
2433 5
2434 5
2436 4
2439 3
2440 4
2443 3
2445 4
2446 4
2448 6
2451 5
2453 5
2454 5
2457 5
2458 5
2460 5
2463 2
2464 5
2467 4
2469 4
2470 4
2473 4
2474 4
2476 4
2479 3
2481 5
2482 5
2484 5
2487 4
2488 5
2491 3
2493 4
2494 3
2496 5
2499 4
2501 4
2502 4
2505 4
2506 4
2508 4
2511 3
2513 5
2514 5
2516 5
2519 3
2520 5
2523 4
2525 3
2526 4
2529 5
2530 5
2532 5
2535 4
2536 5
2539 4
2541 4
2542 4
2544 6
2547 4
2549 5
2550 5
2553 5
2554 5
2556 4
2559 6
2560 3
2563 3
2565 4
2566 3
2569 4
2570 4
2572 4
2575 5
2577 3
2578 2
2580 4
2583 4
2584 3
2587 4
2589 4
2590 4
2593 4
2594 3
2596 4
2599 5
2600 4
2603 5
2605 5
2606 5
2608 4
2611 5
2613 5
2614 5
2617 5
2618 5
2620 5
2623 4
2625 4
2626 3
2628 4
2631 5
2632 4
2635 5
2637 5
2638 5
2640 3
2643 5
2645 5
2646 5
2649 5
2650 5
2652 6
2655 4
2656 4
2659 5
2661 5
2662 5
2665 5
2666 5
2668 5
2671 4
2673 5
2674 5
2676 6
2679 5
2680 5
2683 5
2685 6
2686 5
2689 4
2690 3
2692 3
2695 4
2696 3
2699 4
2701 5
2702 4
2704 5
2707 4
2709 4
2710 4
2713 4
2714 4
2716 4
2719 3
2720 4
2723 5
2725 6
2726 5
2729 5
2730 6
2732 5
2735 5
2737 5
2738 4
2740 5
2743 5
2744 4
2747 4
2749 5
2750 4
2752 4
2755 5
2757 5
2758 6
2761 6
2762 5
2764 5
2767 5
2769 5
2770 5
2772 5
2775 4
2776 5
2779 5
2781 5
2782 5
2785 6
2786 5
2788 6
2791 5
2792 5
2795 5
2797 6
2798 5
2800 5
2803 5
2805 6
2806 5
2809 6
2810 5
2812 6
2815 6
2817 4
2818 4
2820 4
2823 5
2824 4
2827 4
2829 5
2830 4
2832 4
2835 4
2837 5
2838 5
2841 4
2842 4
2844 4
2847 4
2848 5
2851 5
2853 6
2854 5
2857 5
2858 5
2860 5
2863 5
2865 5
2866 4
2868 5
2871 5
2872 4
2875 4
2877 5
2878 4
2880 5
2883 5
2885 6
2886 5
2889 5
2890 5
2892 5
2895 4
2897 5
2898 5
2900 5
2903 5
2904 5
2907 4
2909 5
2910 5
2913 6
2914 5
2916 6
2919 5
2920 5
2923 4
2925 5
2926 4
2928 5
2931 5
2933 5
2934 5
2937 5
2938 4
2940 5
2943 6
2944 4
2947 4
2949 5
2950 4
2953 5
2954 4
2956 4
2959 4
2961 5
2962 5
2964 5
2967 4
2968 5
2971 3
2973 4
2974 3
2977 5
2978 4
2980 5
2983 5
2984 4
2987 4
2989 5
2990 4
2992 6
2995 5
2997 5
2998 4
3001 4
3002 3
3004 5
3007 6
3009 5
3010 5
3012 5
3015 5
3016 5
3019 5
3021 5
3022 4
3024 6
3027 4
3029 4
3030 5
3033 5
3034 4
3036 4
3039 6
3040 5
3043 5
3045 5
3046 5
3049 5
3050 4
3052 5
3055 6
3057 5
3058 4
3060 5
3063 6
3064 4
3067 6
3069 6
3070 6
3072 3
3075 3
3077 4
3078 4
3081 3
3082 4
3084 4
3087 5
3089 2
3090 3
3092 3
3095 4
3096 4
3099 4
3101 4
3102 4
3105 3
3106 4
3108 4
3111 5
3112 4
3115 5
3117 5
3118 5
3120 3
3123 5
3125 5
3126 5
3129 5
3130 5
3132 6
3135 4
3137 3
3138 4
3140 4
3143 5
3144 4
3147 5
3149 5
3150 5
3152 4
3155 5
3157 5
3158 5
3161 5
3162 5
3164 5
3167 4
3168 4
3171 5
3173 5
3174 5
3177 5
3178 5
3180 5
3183 4
3185 5
3186 5
3188 5
3191 5
3192 6
3195 5
3197 5
3198 6
3201 3
3202 4
3204 3
3207 4
3208 3
3211 4
3213 4
3214 5
3216 5
3219 4
3221 4
3222 4
3225 4
3226 4
3228 4
3231 3
3232 4
3235 5
3237 5
3238 6
3241 6
3242 5
3244 5
3247 5
3249 5
3250 5
3252 5
3255 5
3256 5
3259 4
3261 5
3262 5
3264 4
3267 5
3269 6
3270 5
3273 5
3274 6
3276 5
3279 5
3281 4
3282 5
3284 4
3287 4
3288 5
3291 5
3293 4
3294 5
3297 5
3298 6
3300 5
3303 5
3304 6
3307 5
3309 5
3310 6
3312 5
3315 5
3317 5
3318 6
3321 5
3322 6
3324 6
3327 6
3329 4
3330 4
3332 4
3335 4
3336 4
3339 5
3341 4
3342 5
3344 4
3347 4
3349 4
3350 4
3353 5
3354 5
3356 4
3359 4
3360 5
3363 5
3365 5
3366 5
3369 5
3370 6
3372 5
3375 4
3377 5
3378 5
3380 5
3383 4
3384 5
3387 5
3389 5
3390 5
3392 5
3395 5
3397 5
3398 5
3401 5
3402 6
3404 5
3407 5
3409 4
3410 5
3412 4
3415 4
3416 5
3419 5
3421 4
3422 5
3425 5
3426 6
3428 5
3431 4
3432 6
3435 5
3437 4
3438 5
3440 5
3443 5
3445 4
3446 5
3449 5
3450 5
3452 5
3455 6
3456 4
3459 4
3461 4
3462 5
3465 4
3466 5
3468 4
3471 4
3473 5
3474 5
3476 5
3479 3
3480 5
3483 4
3485 3
3486 4
3489 5
3490 5
3492 5
3495 5
3496 5
3499 5
3501 4
3502 5
3504 6
3507 4
3509 4
3510 5
3513 5
3514 4
3516 4
3519 6
3521 4
3522 5
3524 4
3527 4
3528 5
3531 5
3533 4
3534 5
3536 6
3539 5
3541 3
3542 4
3545 4
3546 5
3548 5
3551 6
3552 5
3555 5
3557 4
3558 5
3561 5
3562 5
3564 5
3567 6
3569 4
3570 5
3572 4
3575 6
3576 5
3579 6
3581 6
3582 6
3585 4
3586 4
3588 4
3591 5
3592 4
3595 5
3597 5
3598 5
3600 3
3603 5
3605 5
3606 5
3609 5
3610 5
3612 5
3615 5
3616 4
3619 5
3621 6
3622 6
3625 6
3626 6
3628 6
3631 5
3633 5
3634 5
3636 6
3639 5
3640 5
3643 5
3645 6
3646 5
3648 4
3651 5
3653 6
3654 6
3657 6
3658 6
3660 6
3663 5
3665 5
3666 5
3668 5
3671 5
3672 6
3675 5
3677 5
3678 6
3681 6
3682 6
3684 6
3687 5
3688 6
3691 5
3693 5
3694 5
3696 6
3699 6
3701 5
3702 6
3705 6
3706 5
3708 6
3711 7
3712 4
3715 5
3717 5
3718 5
3721 5
3722 5
3724 5
3727 4
3729 5
3730 5
3732 5
3735 4
3736 5
3739 4
3741 4
3742 4
3745 6
3746 5
3748 6
3751 6
3752 5
3755 5
3757 5
3758 5
3760 5
3763 5
3765 5
3766 5
3769 5
3770 4
3772 5
3775 6
3777 5
3778 6
3780 5
3783 5
3784 6
3787 6
3789 5
3790 5
3792 5
3795 5
3797 4
3798 5
3801 5
3802 5
3804 5
3807 6
3808 6
3811 6
3813 5
3814 6
3817 6
3818 5
3820 6
3823 6
3825 5
3826 5
3828 5
3831 7
3832 5
3835 7
3837 6
3838 6
3840 5
3843 5
3845 6
3846 6
3849 6
3850 6
3852 5
3855 5
3857 5
3858 5
3860 5
3863 5
3864 5
3867 5
3869 5
3870 5
3873 6
3874 5
3876 6
3879 6
3880 5
3883 5
3885 6
3886 5
3888 5
3891 5
3893 6
3894 5
3897 6
3898 5
3900 6
3903 6
3905 5
3906 6
3908 5
3911 5
3912 6
3915 6
3917 5
3918 6
3920 5
3923 5
3925 5
3926 6
3929 5
3930 6
3932 6
3935 6
3936 6
3939 5
3941 6
3942 5
3945 5
3946 6
3948 5
3951 6
3953 5
3954 5
3956 5
3959 7
3960 5
3963 7
3965 6
3966 6
3969 5
3970 5
3972 5
3975 5
3976 5
3979 5
3981 5
3982 5
3984 6
3987 4
3989 5
3990 5
3993 5
3994 5
3996 4
3999 6
4000 5
4003 6
4005 6
4006 6
4009 5
4010 5
4012 5
4015 6
4017 5
4018 4
4020 5
4023 6
4024 4
4027 6
4029 6
4030 6
4032 5
4035 6
4037 5
4038 5
4041 6
4042 6
4044 5
4047 6
4049 4
4050 5
4052 4
4055 6
4056 5
4059 6
4061 6
4062 6
4065 5
4066 5
4068 5
4071 6
4072 5
4075 6
4077 7
4078 7
4080 4
4083 7
4085 6
4086 6
4089 6
4090 6
4092 7
4095 7
